[gd_scene load_steps=4 format=3 uid="uid://c858qa8ef0taq"]

[ext_resource type="PackedScene" uid="uid://cr8bkoacbfkqx" path="res://levels/procedural_level_generator.tscn" id="1_3ohpv"]
[ext_resource type="PackedScene" uid="uid://cll8cdkq8xmdv" path="res://assets/env/space_station/floor_plain.blend" id="2_lncpf"]
[ext_resource type="PackedScene" uid="uid://hmwovwxii41u" path="res://chars/player/player.tscn" id="3_y6t06"]

[node name="GeneratedLevel" type="Node3D"]

[node name="ProceduralLevelGenerator" parent="." instance=ExtResource("1_3ohpv")]

[node name="floor_plain" parent="." instance=ExtResource("2_lncpf")]
transform = Transform3D(1, 0, 0, 0, 1, 0, 0, 0, 1, 23, 9, 35)

[node name="Player" parent="." instance=ExtResource("3_y6t06")]
transform = Transform3D(1, 0, 0, 0, 1, 0, 0, 0, 1, 23, 11, 35)

[node name="DirectionalLight3D" type="DirectionalLight3D" parent="."]
transform = Transform3D(0.9659258, 1.131334e-08, -0.25881904, 0.25881904, -4.222196e-08, 0.9659258, 0, -1, -4.371139e-08, -2, 0, 0)
light_color = Color(0.4509027, 0.7089773, 0.8849318, 1)
shadow_enabled = true
directional_shadow_mode = 0

[node name="DirectionalLight3D2" type="DirectionalLight3D" parent="."]
transform = Transform3D(1, 0, 0, 0, 0.258819, 0.9659258, 0, -0.9659258, 0.258819, 0, 0, 2)
light_color = Color(0.4509027, 0.7089773, 0.8849318, 1)
shadow_enabled = true
directional_shadow_mode = 0

[node name="DirectionalLight3D3" type="DirectionalLight3D" parent="."]
transform = Transform3D(0.9659258, -1.131334e-08, 0.25881904, -0.25881904, -4.222196e-08, 0.9659258, 0, -1, -4.371139e-08, 2, 0, 0)
light_color = Color(0.4509027, 0.7089773, 0.8849318, 1)
shadow_enabled = true
directional_shadow_mode = 0

[node name="DirectionalLight3D4" type="DirectionalLight3D" parent="."]
transform = Transform3D(1, 0, 0, 0, -0.25881907, 0.9659258, 0, -0.9659258, -0.25881907, 0, 0, -2)
light_color = Color(0.4509027, 0.7089773, 0.8849318, 1)
shadow_enabled = true
directional_shadow_mode = 0
